0,
1,
1023,
1022,
3,
2,
4,
5,
1019,
1018,
1020,
1021,
1016,
1017,
1015,
1014,
11,
10,
12,
13,
8,
9,
7,
6,
16,
17,
15,
14,
19,
18,
20,
21,
1003,
1002,
1004,
1005,
1000,
1001,
999,
998,
1008,
1009,
1007,
1006,
1011,
1010,
1012,
1013,
992,
993,
991,
990,
995,
994,
996,
997,
987,
986,
988,
989,
984,
985,
983,
982,
43,
42,
44,
45,
40,
41,
39,
38,
48,
49,
47,
46,
51,
50,
52,
53,
32,
33,
31,
30,
35,
34,
36,
37,
27,
26,
28,
29,
24,
25,
23,
22,
64,
65,
63,
62,
67,
66,
68,
69,
59,
58,
60,
61,
56,
57,
55,
54,
75,
74,
76,
77,
72,
73,
71,
70,
80,
81,
79,
78,
83,
82,
84,
85,
939,
938,
940,
941,
936,
937,
935,
934,
944,
945,
943,
942,
947,
946,
948,
949,
928,
929,
927,
926,
931,
930,
932,
933,
923,
922,
924,
925,
920,
921,
919,
918,
960,
961,
959,
958,
963,
962,
964,
965,
955,
954,
956,
957,
952,
953,
951,
950,
971,
970,
972,
973,
968,
969,
967,
966,
976,
977,
975,
974,
979,
978,
980,
981,
896,
897,
895,
894,
899,
898,
900,
901,
891,
890,
892,
893,
888,
889,
887,
886,
907,
906,
908,
909,
904,
905,
903,
902,
912,
913,
911,
910,
915,
914,
916,
917,
875,
874,
876,
877,
872,
873,
871,
870,
880,
881,
879,
878,
883,
882,
884,
885,
864,
865,
863,
862,
867,
866,
868,
869,
859,
858,
860,
861,
856,
857,
855,
854,
171,
170,
172,
173,
168,
169,
167,
166,
176,
177,
175,
174,
179,
178,
180,
181,
160,
161,
159,
158,
163,
162,
164,
165,
155,
154,
156,
157,
152,
153,
151,
150,
192,
193,
191,
190,
195,
194,
196,
197,
187,
186,
188,
189,
184,
185,
183,
182,
203,
202,
204,
205,
200,
201,
199,
198,
208,
209,
207,
206,
211,
210,
212,
213,
128,
129,
127,
126,
131,
130,
132,
133,
123,
122,
124,
125,
120,
121,
119,
118,
139,
138,
140,
141,
136,
137,
135,
134,
144,
145,
143,
142,
147,
146,
148,
149,
107,
106,
108,
109,
104,
105,
103,
102,
112,
113,
111,
110,
115,
114,
116,
117,
96,
97,
95,
94,
99,
98,
100,
101,
91,
90,
92,
93,
88,
89,
87,
86,
256,
257,
255,
254,
259,
258,
260,
261,
251,
250,
252,
253,
248,
249,
247,
246,
267,
266,
268,
269,
264,
265,
263,
262,
272,
273,
271,
270,
275,
274,
276,
277,
235,
234,
236,
237,
232,
233,
231,
230,
240,
241,
239,
238,
243,
242,
244,
245,
224,
225,
223,
222,
227,
226,
228,
229,
219,
218,
220,
221,
216,
217,
215,
214,
299,
298,
300,
301,
296,
297,
295,
294,
304,
305,
303,
302,
307,
306,
308,
309,
288,
289,
287,
286,
291,
290,
292,
293,
283,
282,
284,
285,
280,
281,
279,
278,
320,
321,
319,
318,
323,
322,
324,
325,
315,
314,
316,
317,
312,
313,
311,
310,
331,
330,
332,
333,
328,
329,
327,
326,
336,
337,
335,
334,
339,
338,
340,
341,
683,
682,
684,
685,
680,
681,
679,
678,
688,
689,
687,
686,
691,
690,
692,
693,
672,
673,
671,
670,
675,
674,
676,
677,
667,
666,
668,
669,
664,
665,
663,
662,
704,
705,
703,
702,
707,
706,
708,
709,
699,
698,
700,
701,
696,
697,
695,
694,
715,
714,
716,
717,
712,
713,
711,
710,
720,
721,
719,
718,
723,
722,
724,
725,
640,
641,
639,
638,
643,
642,
644,
645,
635,
634,
636,
637,
632,
633,
631,
630,
651,
650,
652,
653,
648,
649,
647,
646,
656,
657,
655,
654,
659,
658,
660,
661,
619,
618,
620,
621,
616,
617,
615,
614,
624,
625,
623,
622,
627,
626,
628,
629,
608,
609,
607,
606,
611,
610,
612,
613,
603,
602,
604,
605,
600,
601,
599,
598,
768,
769,
767,
766,
771,
770,
772,
773,
763,
762,
764,
765,
760,
761,
759,
758,
779,
778,
780,
781,
776,
777,
775,
774,
784,
785,
783,
782,
787,
786,
788,
789,
747,
746,
748,
749,
744,
745,
743,
742,
752,
753,
751,
750,
755,
754,
756,
757,
736,
737,
735,
734,
739,
738,
740,
741,
731,
730,
732,
733,
728,
729,
727,
726,
811,
810,
812,
813,
808,
809,
807,
806,
816,
817,
815,
814,
819,
818,
820,
821,
800,
801,
799,
798,
803,
802,
804,
805,
795,
794,
796,
797,
792,
793,
791,
790,
832,
833,
831,
830,
835,
834,
836,
837,
827,
826,
828,
829,
824,
825,
823,
822,
843,
842,
844,
845,
840,
841,
839,
838,
848,
849,
847,
846,
851,
850,
852,
853,
512,
513,
511,
510,
515,
514,
516,
517,
507,
506,
508,
509,
504,
505,
503,
502,
523,
522,
524,
525,
520,
521,
519,
518,
528,
529,
527,
526,
531,
530,
532,
533,
491,
490,
492,
493,
488,
489,
487,
486,
496,
497,
495,
494,
499,
498,
500,
501,
480,
481,
479,
478,
483,
482,
484,
485,
475,
474,
476,
477,
472,
473,
471,
470,
555,
554,
556,
557,
552,
553,
551,
550,
560,
561,
559,
558,
563,
562,
564,
565,
544,
545,
543,
542,
547,
546,
548,
549,
539,
538,
540,
541,
536,
537,
535,
534,
576,
577,
575,
574,
579,
578,
580,
581,
571,
570,
572,
573,
568,
569,
567,
566,
587,
586,
588,
589,
584,
585,
583,
582,
592,
593,
591,
590,
595,
594,
596,
597,
427,
426,
428,
429,
424,
425,
423,
422,
432,
433,
431,
430,
435,
434,
436,
437,
416,
417,
415,
414,
419,
418,
420,
421,
411,
410,
412,
413,
408,
409,
407,
406,
448,
449,
447,
446,
451,
450,
452,
453,
443,
442,
444,
445,
440,
441,
439,
438,
459,
458,
460,
461,
456,
457,
455,
454,
464,
465,
463,
462,
467,
466,
468,
469,
384,
385,
383,
382,
387,
386,
388,
389,
379,
378,
380,
381,
376,
377,
375,
374,
395,
394,
396,
397,
392,
393,
391,
390,
400,
401,
399,
398,
403,
402,
404,
405,
363,
362,
364,
365,
360,
361,
359,
358,
368,
369,
367,
366,
371,
370,
372,
373,
352,
353,
351,
350,
355,
354,
356,
357,
347,
346,
348,
349,
344,
345,
343,
342,
